[VERSION]
Num = 1
[1f5b8b]
Flag = 1 0 0 0 1 0 0 0 0 0 0 
[1f668e]
Flag = 1 0 0 1 0 0 0 0 0 0 0 
[22e281]
Flag = 1 0 0 0 0 0 0 0 0 0 0 
[22ed84]
Flag = 1 0 0 0 0 0 0 0 0 0 0 
[24c705]
Flag = 1 0 0 0 0 0 0 0 0 0 0 
[2a3d82]
Flag = 1 0 0 0 0 0 0 0 0 0 0 
[284dfb]
Flag = 1 0 0 0 0 0 0 0 0 0 0 
[2b0ebb]
Flag = 1 0 0 0 0 0 0 0 0 0 0 
[2b19be]
Flag = 1 0 0 0 0 0 0 0 0 0 0 
[389069]
Flag = 1 1 0 0 0 0 0 0 0 0 0 
[2fbf02]
Flag = 1 1 0 0 0 0 0 0 0 0 0 
[3232ad]
Flag = 1 0 0 0 0 0 0 0 0 0 0 
[5f7e04]
Flag = 1 0 0 0 0 0 1 0 0 0 0 
[3b3020]
Flag = 1 0 0 0 0 0 0 0 0 0 0 
[438866]
Flag = 1 0 0 0 0 0 0 0 0 0 0 
[2387ae]
Flag = 1 0 0 0 0 0 0 0 0 0 0 
[3beb53]
Flag = 1 0 0 0 1 0 0 0 0 0 0 
[35c4a6]
Flag = 1 0 0 0 0 0 0 0 0 0 0 
[40d2a9]
Flag = 1 0 0 0 0 1 0 0 0 0 0 
[498307]
Flag = 1 0 0 0 1 0 0 0 0 0 0 
[2392b1]
Flag = 1 0 0 0 0 0 0 0 0 0 0 
[4577ed]
Flag = 1 0 1 0 0 0 0 0 0 0 0 
[45a3f9]
Flag = 1 1 1 0 0 0 0 0 0 0 0 
[48a6cb]
Flag = 1 0 0 0 0 0 0 0 0 0 0 
[4f72a5]
Flag = 1 0 0 0 0 0 0 0 0 0 0 
[52807a]
Flag = 1 0 0 0 0 0 0 0 0 0 0 
[fffff4fd]
Flag = 1 0 0 0 0 0 0 0 0 0 0 
[587b1b]
Flag = 1 0 0 0 0 0 0 0 0 0 0 5 
[589c24]
Flag = 1 0 0 0 0 0 0 0 0 0 0 
[55db64]
Flag = 1 0 0 1 0 0 0 0 0 0 0 
[2d986c]
Flag = 2 0 0 0 0 0 0 0 0 0 0 
[5d0a59]
Flag = 2 0 0 0 0 0 0 0 0 0 0 
[1d981]
Flag = 4 0 0 0 0 0 0 0 0 0 0 
[289b1]
Flag = 4 0 0 0 0 0 0 0 0 0 0 
[391f9]
Flag = 4 0 0 0 0 0 0 0 0 0 0 
[3ea11]
Flag = 4 0 0 0 0 0 0 0 0 0 0 
[49fc28]
Flag = 8 0 0 1 0 0 0 0 0 0 0 
